  9 40 79117147163162147123 98 80 74 82102128152167166148115 72 29 -5-2222 1 1Z6 5271651628169999999999999991056 742324-2499999999999999
-20  1 38 82125157173170151125 98 81 76 86108135160172168145106 60 15-1822 1 2Z6 6201741715173999999999999991149 76999999999999999999999
-32-26  0 42 90134165177171149120 93 77 75 89114143166176167140 98 50  622 1 3Z6 7 817818 317699999999999999 013-331237 7499999999999999
-24-35-24  7 51100142169177166141112 87 74 76 92119148169175162132 89 4222 1 4Z6 753177185117599999999999999 1 0-351323 7399999999999999
  2-24-29-14 20 65111148169171156130102 80 71 77 96123149166169153121 8022 1 5Z6 836172193817099999999999999 146-3014 7 7199999999999999
 37  3-16-16  4 38 81121151165161143117 92 74 69 78 9812314615915714010922 1 6Z6 917165202516099999999999999 230-181453 6999999999999999
 72 37 10 -2  4 26 59 96129151158149130106 84 70 68 78 9711913714714312622 1 7Z6 956158211314799999999999999 311 -21540 6899999999999999
 99 68 41 22 17 27 49 79109134148149138119 97 78 68 67 77 9311112613212822 1 8Z6103415022 613299999999999999 351 171633 6699999999999999
113 92 69 50 39 39 50 70 94118135143140128110 90 74 65 64 72 8510011211822 1 9Z61113143231211899999999999999 430 371734 6399999999999999
115105 91 75 63 57 59 70 86105122134138133121104 86 70 60 58 64 75 8810022 110Z61157138999999999999999999999 513 561845 5899999999999999
107108104 95 85 77 73 76 84 96110123132134129117100 81 64 53 49 53 64 7722 111Z6 043109124813499999999999999 6 9 731958 4999999999999999
 91102108109105 98 90 86 86 91100112123131133127114 96 75 56 43 38 42 5422 112Z6 234109134813399999999999999 730 8521 2 3899999999999999
 71 89105115118116108100 93 90 93101112123132134127112 91 66 45 30 26 3322 113Z6 4 1118144613499999999999999 9 0 902153 2699999999999999
 49 71 94113126129125115103 93 89 91100113127136137128108 82 54 31 17 1622 114Z6 45512915361389999999999999910 8 892236 1599999999999999
 27 49 77104126137138130115100 89 85 90102119134143141126101 70 39 16  522 115Z6 5351391620143999999999999991056 852315  599999999999999
  9 27 55 88118138147143128110 92 82 81 91108127143149142121 90 55 23  222 116Z6 6 91471659149999999999999991134 802350 -399999999999999
 -3  8 33 68103132149151140121 99 83 76 80 96117138152153139112 75 38  822 117Z6 63915217351559999999999999912 7 76999999999999999999999
 -8 -6 13 46 84120145156150133109 87 74 72 83104129149159153132 98 58 2222 118Z6 7 9156181015999999999999999 024 -91237 7199999999999999
 -4-12 -2 25 63103135154157143120 95 76 67 72 89114139157160148120 81 4122 119Z6 738158184516199999999999999 057-1213 9 6799999999999999
  9-10-10  9 43 83121147158152132106 82 66 64 75 97124147159157138105 6522 120Z6 8 7158192116099999999999999 130-121341 6399999999999999
 28  1 -9  0 26 63103135155157143119 92 71 60 63 80104130149157148124 9022 121Z6 837158195915799999999999999 2 3 -91416 6099999999999999
 52 21  1  0 16 46 84120145156150131105 79 62 56 64 8310813114714913711122 122Z6 9 8156204015099999999999999 236 -21455 5699999999999999
 78 46 21 10 15 36 67102132150153141118 92 69 56 54 64 8410712813913912522 123Z6 940154212814199999999999999 311  91538 5399999999999999
101 73 47 29 24 34 57 86116139149146130107 82 62 51 51 62 8010111912912822 124Z61015150222613099999999999999 349 241629 4999999999999999
117 97 75 56 44 43 55 75100124140145138121 98 75 56 46 46 55 71 9010711822 125Z61055145234512099999999999999 433 421731 4499999999999999
120113101 85 71 63 63 73 89109126138140132116 94 71 52 40 37 44 58 76 9422 126Z61143140999999999999999999999 527 621847 3799999999999999
108116117110100 89 81 79 85 96111125135137130115 94 70 48 32 25 28 41 6022 127Z6 133117124613799999999999999 645 792010 2599999999999999
 82103118126125117106 95 89 90 97109122134138134119 96 69 42 21 10 11 2422 128Z6 32312714 313899999999999999 827 892125  999999999999999
 47 75103126139141133118103 91 88 93105121136144142126100 68 35  8 -6 -622 129Z6 440141151614599999999999999 956 882228 -899999999999999
 10 39 74110137153154143123102 87 81 87103124143154151134103 64 25 -5-2122 130Z6 53515616201559999999999999911 0 812322-2299999999999999
-18  3 38 80120150165162145119 94 77 72 82103130153164160138101 57 15-1622 131Z6 6201661715165999999999999991149 72999999999999999999999
-30-23  4 45 92134162172162138108 81 65 65 80107138162172164136 95]: 48  522 2 1Z6 7 017218 517299999999999999 010-301232 6399999999999999
-23-32-19 15 60108147170172155125 93 67 55 61 82113145168174161129 84 3822 2 2Z6 736173185017599999999999999 054-321312 5599999999999999
 -1-23-24 -4 34 81125157171164140108 76 55 49 61 87119150168169151116 7222 2 3Z6 810171193317199999999999999 133-271350 4999999999999999
 30 -1-14 -7 19 59102139162165150122 89 62 46 47 64 9212314916215713510122 2 4Z6 840167201516399999999999999 2 9-151427 4499999999999999
 62 28  7  3 17 47 85121149160154133103 74 51 42 49 68 9612314315014111822 2 5Z6 9 9160205615099999999999999 242  215 6 4299999999999999
 87 56 32 21 26 45 74107134150152139115 87 62 46 43 52 72 9611813213412422 2 6Z6 936153213913599999999999999 313 211546 4299999999999999
103 79 57 44 41 51 71 97121139146140123100 76 56 45 45 55 73 9310911911922 2 7Z610 2146222912099999999999999 341 411631 4499999999999999
110 95 79 66 60 63 74 92111127136137127111 91 71 55 47 48 56 70 85 9810622 2 8Z61031138234010799999999999999 410 601726 4699999999999999
107102 94 85 79 77 82 91104116125129127118104 87 70 56 48 47 53 63 75 8722 2 9Z611 8129999999999999999999999 445 771840 4799999999999999
 96101102100 96 93 93 95100107114119122120114102 87 71 57 47 43 45 53 6622 210Z6 14310212 812299999999999999 548 9320 7 4399999999999999
 80 93103109111109106102100100103108113118119115105 90 72 55 41 34 35 4422 211Z6 358111134611999999999999999 8251002122 3399999999999999
 59 78 97112121123120112104 97 94 96103111120124121110 92 70 48 31 22 2522 212Z6 45312315 81249999999999999910 6 942217 2299999999999999
 38 59 83107124133133124111 98 89 86 91102115127133128113 89 61 35 17 1122 213Z6 52713416 4133999999999999991053 862259 1199999999999999
 18 37 65 95121138143137122103 87 78 79 89106125139142133112 81 48 20  322 214Z6 5551431649143999999999999991126 772336  199999999999999
  2 16 44 78112137150148133111 89 74 68 76 94117138151150134104 68 32  522 215Z6 6211511727152999999999999991155 68999999999999999999999
 -7  0 23 58 97131152156145122 96 73 61 62 78103130152161153128 92 51 1522 216Z6 64715718 416199999999999999 0 9 -71224 5999999999999999
 -7-11  6 38 79119148161156135106 77 57 51 61 84114143162165149117 75 3422 217Z6 712162184016699999999999999 041-121253 5199999999999999
  3-12 -5 21 60103139161164148119 86 58 44 45 63 93126153167163140102 5922 218Z6 738165191616899999999999999 112-121324 4299999999999999
 22 -2 -7  9 43 85125154166158133 99 66 43 35 44 69102135158166154126 8722 219Z6 8 5166195516699999999999999 143 -81357 3599999999999999
 48 17  3  8 31 68109143162163145114 79 49 32 31 47 7510813815615814211222 220Z6 831165203615999999999999999 215  21433 2999999999999999
 77 44 22 17 29 57 93128153161152128 95 62 37 26 31 50 7911013514814612922 221Z6 859161212114999999999999999 248 161512 2699999999999999
102 73 48 36 38 54 82113139154153138111 79 51 32 25 33 53 7910512613513222 222Z6 929156221613699999999999999 322 351556 2599999999999999
119 98 77 61 55 61 78101124141148142124 98 71 47 32 27 35 51 73 9511212122 223Z610 2148233112399999999999999 4 1 551652 2799999999999999
122114102 89 79 77 82 95111126136138131115 94 70 50 35 29 33 44 61 80 9722 224Z61044139999999999999999999999 450 7718 7 2999999999999999
110116117112105 99 95 96102111121128130126114 97 77 57 40 29 26 32 46 6422 225Z6 133117115213099999999999999 615 951947 2699999999999999
 85104118126127122114106101100104111120126128121108 87 64 41 24 15 17 3022 226Z6 338127134112899999999999999 8401002119 1599999999999999
 52 78105127140142135122107 95 90 92102116129137134121 97 68 38 15  2  322 227Z6 4441421517137999999999999991010 902225  099999999999999
 19 46 81114140154154140119 98 81 75 81 97119139150149132103 67 31  3-1022 228Z6 52715616241519999999999999911 1 752316-1199999999999999
 -6 16 51 92129156166158136108 81 64 61 74 98127151164160138102 60 20 -722 3 1Z6 6 31661717164999999999999991141 612359-1799999999999999
-17 -6 23 65110146168170153122 89 62 48 52 72104137163173164136 94 49 1122 3 2Z6 63517218 2173999999999999991217 47999999999999999999999
-12-14  5 41 87130161174165138102 67 43 36 49 77113148171176160126 82 3822 3 3Z6 7 5174184417699999999999999 036-161251 3699999999999999
  6 -8 -1 26 67111149170171151117 79 47 30 31 52 85123155172170148111 6822 3 4Z6 732173192317499999999999999 110 -91325 2899999999999999
 32  8  5 21 54 94133161170159130 93 57 32 23 33 60 95131157166157131 9522 3 5Z6 75717020 016699999999999999 141  41357 2399999999999999
 59 31 19 26 49 83119149164161140107 71 41 24 24 41 7010413415215414011322 3 6Z6 820165203815699999999999999 2 9 191430 2299999999999999
 82 55 39 37 51 77108136155158145119 86 55 32 24 30 51 7910813114213912322 3 7Z6 842159211614399999999999999 236 3615 4 2499999999999999
100 76 59 53 59 76100125144151145126100 71 46 32 29 39 60 8410712412912422 3 8Z6 9 4151215912999999999999999 3 1 531541 2899999999999999
110 93 78 70 70 80 97116132141140129110 87 64 46 36 37 48 65 8410211311622 3 9Z6 926142225611699999999999999 327 691625 3699999999999999
112104 94 87 84 88 97109121129132127116100 81 64 51 44 45 52 65 79 9210222 310Z6 952132999999999999999999999 356 841724 4399999999999999
107108105101 99 98101106112117121121117109 97 84 70 58 50 48 51 59 71 8322 311Z6 037108103112199999999999999 440 981854 4899999999999999
 95104110113113111108107106107109111113113109102 91 77 63 52 45 44 50 6222 312Z6 328113122911399999999999999 7591062036 4499999999999999
 77 94108119124124119112104 99 97 99104111116117111 99 82 63 47 36 34 4122 313Z6 42712514391179999999999999910 0 972144 3399999999999999
 57 78100119132136131120107 94 86 85 92103116126129121105 82 57 36 23 2322 314Z6 4571361547129999999999999991037 852231 2299999999999999
 36 58 86114135145144132113 94 79 73 77 91110129140141129105 75 44 21 1122 315Z6 52214616341429999999999999911 5 7223 9 1199999999999999
 17 38 68102132151155144123 97 75 61 61 74 97123144155151131 98 62 29  822 316Z6 5461551714156999999999999991132 592342  499999999999999
  4 19 49 87124151163157136106 76 54 46 54 77108138160167155126 87 47 1522 317Z6 61016317521679999999999999912 0 46999999999999999999999
  1  6 30 68110146166168150119 83 52 34 35 53 85122154172172152116 72 3322 318Z6 635170182917599999999999999 015  01229 3299999999999999
  8  2 17 51 93134164174164135 96 58 30 20 30 57 96135165178170143103 6022 319Z6 7 017419 817899999999999999 047  113 1 2099999999999999
 26  9 13 38 76119154174172150112 71 35 14 13 31 65107145170176162131 9122 320Z6 726176194817799999999999999 119  81334 1199999999999999
 54 28 21 34 63102140166174161130 89 48 19  6 12 37 7411414816716714911922 321Z6 752174203117099999999999999 152 211410  599999999999999
 84 55 39 40 59 89124153168165143108 69 34 11  5 18 45 8111614415715413622 322Z6 820169211815899999999999999 226 371449  599999999999999
110 84 64 57 63 83110137156161150125 91 57 28 13 12 26 51 8211113314314022 323Z6 849161221514399999999999999 3 1 571533 1099999999999999
127108 91 79 77 85102122140150148135111 82 54 33 21 21 32 53 7710011812822 324Z6 922151233713099999999999999 342 771629 1999999999999999
129123113103 97 96101112124134138135123105 83 62 43 32 29 35 49 67 8610422 325Z610 6138999999999999999999999 438 951748 2999999999999999
117125126123118112108107110116122126126120109 93 75 57 42 33 32 39 54 7322 326Z6 148126113112699999999999999 6371071937 3299999999999999
 94114128136136130120110102 99102108117124126121108 90 68 47 31 25 29 4322 327Z6 331137135012699999999999999 9 3 9921 9 2499999999999999
 66 93119139148147136119101 88 83 87 98114129138136123101 73 46 25 15 2022 328Z6 42214915221389999999999999910 5 832211 1599999999999999
 39 68101132153160152133108 84 69 65 75 95119140152151134106 72 39 17  922 329Z6 4591601623154999999999999991046 652257  999999999999999
 19 44 80117148165166149120 89 63 49 51 69 98129154166160138103 64 31 1122 330Z6 5301681711166999999999999991121 482336  899999999999999
 10 27 59 99137164173163136100 65 41 33 45 72107142166174162133 94 55 2522 331Z6 5581731754174999999999999991154 33999999999999999999999
 12 19 44 81122156174172150114 74 41 23 25 46 80120154174175156122 82 4722 4 1Z6 624176183317799999999999999 010 121225 2299999999999999
 25 21 37 68107144169175161129 89 50 23 14 25 54 93132162175168143108 7222 4 2Z6 64917619 917599999999999999 041 201256 1499999999999999
 44 32 38 61 95131160173167142104 63 30 12 13 33 67106142165169156128 9522 4 3Z6 711173194517099999999999999 110 311327 1099999999999999
 65 47 45 59 86119148166167150118 79 43 18  9 19 45 8111714616115814111422 4 4Z6 733169202116299999999999999 138 441358  999999999999999
 86 65 57 63 82109137157163154129 96 60 31 15 15 31 59 9312414515214512622 4 5Z6 755164205815299999999999999 2 4 571429 1399999999999999
103 83 71 71 82102126145155153136109 78 49 28 20 26 45 7210112413814013122 4 6Z6 818156213914199999999999999 231 6915 4 2099999999999999
116 99 86 82 86 99116133145147138119 94 68 46 33 30 39 57 7910212012912922 4 7Z6 842147223013099999999999999 3 0 821544 2999999999999999
122111101 94 94100110122132137134123107 87 67 51 42 41 49 63 81 9811211922 4 8Z6 9 9137234912199999999999999 334 931635 4099999999999999
121118113107104104108114120124125122114102 87 73 60 52 49 54 64 77 9110422 4 9Z6 947125999999999999999999999 4291041750 4999999999999999
114120121120116113110109109111113115115112105 95 82 69 58 52 52 58 70 8522 410Z6 158121112911599999999999999 7131091930 5199999999999999
101115125130129124116108101 98 99103110115118114105 91 74 59 48 45 51 6522 411Z6 322130135811899999999999999 918 982052 4599999999999999
 84105123136141137126112 98 87 84 88 98111123130127116 97 74 54 40 36 4522 412Z6 4 2141151613099999999999999 958 842146 3699999999999999
 64 90116138150150139120 98 80 69 69 80 99120137145140123 97 68 44 30 3022 413Z6 43115116 9145999999999999991029 682229 2899999999999999
 45 72104134155162153132104 77 57 50 58 79107135154160150125 92 59 33 2322 414Z6 4571621653160999999999999991058 5023 6 2399999999999999
 30 53 87124153169167148116 81 51 34 35 53 84120151170172154122 84 49 2722 415Z6 5231711734174999999999999991128 322342 2299999999999999
 23 38 69109146171177164133 92 53 25 15 26 54 93134167182177153115 75 4322 416Z6 55017818161839999999999999912 0 15999999999999999999999
 27 31 54 91132165181177151111 66 27  5  3 23 60105147177187176146107 6922 417Z6 618182185818799999999999999 018 261234  199999999999999
 43 35 47 76115152177183167132 86 41  8 -7  0 27 6911515518018416813710022 418Z6 646183194218599999999999999 054 351311 -899999999999999
 69 51 50 68 99135165180175150110 64 24 -3-10  4 36 7812215717517515712922 419Z6 716181202917899999999999999 131 481350-1099999999999999
 98 74 64 70 90119148169174161132 91 50 16 -3 -4 13 45 8412215116516214722 420Z6 748175212116699999999999999 2 9 641433 -699999999999999
123101 85 80 89107131152164162145116 80 46 19  6  8 24 52 8611714015115022 421Z6 823165222415299999999999999 251 801523  599999999999999
139123108 98 96103117134147153148132107 78 51 30 19 21 34 56 8210712713922 422Z6 9 4153234914299999999999999 342 951623 1999999999999999
142137127117109106109117127135139136124107 85 63 45 34 32 39 55 75 9711722 423Z610 3139999999999999999999999 4591061743 3299999999999999
132140140134125116109106108114121127128124114 98 79 60 46 39 41 51 69 9122 424Z6 133141114912999999999999999 7 41061919 3899999999999999
114132144147142130115102 94 93 98108119128131126112 93 71 53 41 39 48 6722 425Z6 250147135113199999999999999 843 922041 3899999999999999
 92118140153155145127106 88 76 75 84100119134142139125102 77 54 40 37 4822 426Z6 339155151414299999999999999 938 742140 3799999999999999
 71100129152162159142117 89 67 57 59 75 99124145154150132106 76 52 38 3922 427Z6 4151631612154999999999999991018 562226 3799999999999999
 55 82115144164168156131 98 67 46 39 49 73104135157164156134103 72 49 4022 428Z6 4461691659164999999999999991053 3923 5 4099999999999999
 47 68100133160173168146112 75 44 27 28 47 78115147167170156129 97 67 4922 429Z6 5141731741171999999999999991126 252339 4599999999999999
 46 60 87120151171174159127 88 50 24 15 25 52 90128159174171151121 89 6422 430Z6 5401751820175999999999999991158 15999999999999999999999
 53 58 78108140165176168142104 63 29 10 11 30 64104141167175165141110 8222 5 1Z6 6 5176185617599999999999999 011 521228  899999999999999
 64 61 73 98128156172172154120 80 41 15  5 15 42 8011915217017015512910122 5 2Z6 629174193217299999999999999 041 601259  599999999999999
 79 69 73 91117145165171161134 98 59 26  8  8 26 57 9513115716716114211722 5 3Z6 65417120 716799999999999999 111 691331  699999999999999
 94 80 77 88108133154166163145114 78 44 20 10 18 40 7310813815616015013122 5 4Z6 719167204416099999999999999 141 7714 4 1099999999999999
109 92 85 88102122142156160150127 97 65 37 21 19 31 56 8611613915115013922 5 5Z6 746160212415299999999999999 212 841439 1899999999999999
122106 95 92 99113130144152149135113 85 59 38 28 30 45 68 9511913614314122 5 6Z6 815152221214499999999999999 246 921519 2799999999999999
131118107100100107119131140142137123103 80 59 44 38 42 56 76 9811713113722 5 7Z6 850143231413799999999999999 327 9916 7 3899999999999999
135128119111106106111118126131132127116100 82 65 53 48 51 62 78 9711412722 5 8Z6 938132999999999999999999999 42910617 8 4899999999999999
134135130123116110107108111116121124122115103 89 74 61 55 55 63 77 9511322 5 9Z6 03613511 612499999999999999 6171071826 5499999999999999
128137139136128117107100 97 99105113120123121112 98 82 67 57 55 61 76 9622 510Z6 15413913 612499999999999999 8 5 971945 5499999999999999
116134145147141129113 97 86 82 85 96110123132133124108 88 68 55 52 59 7722 511Z6 248148143413399999999999999 9 2 822049 5199999999999999
101125145156155143123100 79 66 64 73 91113133146147136115 90 66 51 49 6022 512Z6 326157153614899999999999999 942 632141 4899999999999999
 83111139159166159138109 79 55 43 46 64 91121147162161146119 89 63 49 5022 513Z6 4 01661628163999999999999991018 432226 4799999999999999
 66 95127156173173156125 88 53 29 22 33 60 97134163176172151120 86 61 5022 514Z6 4321751716177999999999999991053 2223 9 4999999999999999
 56 78111145171182173146106 63 27  7  7 26 62105146176187178152118 84 6222 515Z6 5 418218 3187999999999999991131  42350 5599999999999999
 55 67 94129162182185166130 84 39  6 -9 -2 26 68115157184191178149115 8422 516Z6 5371861850191999999999999991210 -9999999999999999999999
 66 66 82112145174187181154112 64 21 -8-16 -2 31 7612316218518917314411222 517Z6 612188193919099999999999999 032 641253-1699999999999999
 87 75 79 98127157179185171140 96 50 11-11-14  4 39 8312716218118116513922 518Z6 649185203018399999999999999 115 741338-1699999999999999
112 92 85 92111138162177177159126 85 43 11 -6 -5 14 48 8812715717217115722 519Z6 729179212517399999999999999 2 1 851427 -899999999999999
135114 99 95102120141160169165147116 80 45 19  6  8 26 56 9112414916216122 520Z6 813170222716399999999999999 251 951521  599999999999999
150134117105102108121137151158153137112 82 54 32 21 23 38 63 9212014215422 521Z6 9 7158233715699999999999999 3521021621 2099999999999999
155147134120109104106115127139145143132113 90 66 47 37 37 48 68 9211713822 522Z61017145999999999999999999999 5 91041729 3599999999999999
150153147135121108 99 98104114125134137132119100 80 62 50 48 56 72 9411822 523Z6 050153115213799999999999999 641 981844 4899999999999999
138151155149135118101 89 85 89100114127135135127112 92 74 61 56 62 77 9922 524Z6 152155133213699999999999999 8 0 851956 5699999999999999
122143156158149131109 88 74 68 74 88107126139143136121101 82 67 62 68 8422 525Z6 242158145314399999999999999 859 682058 6299999999999999
107131151162160146123 95 71 56 53 62 82107130146151144128106 85 71 67 7622 526Z6 322163155515199999999999999 944 522148 6799999999999999
 94119143161167159138108 77 52 39 41 56 82112138155159150130107 86 73 7322 527Z6 3571671646159999999999999991023 382232 7299999999999999
 85106132155168168152124 89 57 34 26 34 57 89122149164164151128104 85 7622 528Z6 4281701730166999999999999991059 262311 7699999999999999
 80 96120146165172164140106 68 37 19 19 35 65101135160171166148123 99 8422 529Z6 4581721810171999999999999991132 172346 8099999999999999
 80 89109135158172171154123 85 48 22 11 19 42 77116148169173162141115 9522 530Z6 52717318461739999999999999912 5 11999999999999999999999
 84 86101123148167173164139104 65 32 12 10 25 55 9313015817217015413110822 531Z6 556173192217399999999999999 020 831238  999999999999999
 92 87 95113136158170169153123 85 49 22 10 15 37 7110814216417116314412122 6 1Z6 626172195717199999999999999 053 871312  999999999999999
102 91 92104124146163169161138106 70 38 18 13 25 52 8612114916516515313422 6 2Z6 656169203316799999999999999 125 901347 1399999999999999
113 98 93 99114134152163163149124 91 59 34 20 22 39 6710013115216115714322 6 3Z6 728165211116299999999999999 159 931423 1999999999999999
125108 98 97106121139153159154137111 81 54 34 27 34 53 8111013615215615022 6 4Z6 8 3159215215699999999999999 236 9615 2 2799999999999999
136120107100101111125139149151143126102 76 54 39 36 46 65 9111713815015222 6 5Z6 844151224015299999999999999 3201001545 3699999999999999
145132118107102103111123134142142135119 98 77 58 47 46 56 75 9812113914922 6 6Z6 935143233415199999999999999 4151011635 4599999999999999
150143131117106100101107116126133135130118100 82 65 56 55 65 8210312414122 6 7Z61046135999999999999999999999 5281001733 5499999999999999
150151143130116102 94 92 96106117127133131122107 90 74 64 62 70 8710812922 6 8Z6 033152121813399999999999999 648 921840 6299999999999999
145155154145129110 93 81 77 82 94110125135138132118100 82 70 67 75 9111322 6 9Z6 127156134913899999999999999 756 771948 6799999999999999
135153161158145124 99 77 63 59 66 83105127143150145130110 89 75 71 79 9722 610Z6 21616115 415099999999999999 850 592051 7199999999999999
120144162168161142113 83 57 41 39 52 76105134155164158141118 94 78 74 8422 611Z6 3 016816 716499999999999999 937 382148 7499999999999999
104130155172175162135 99 63 34 19 22 41 72109144168177170150123 97 81 7922 612Z6 34117517 3177999999999999991022 182240 7899999999999999
 90113142167181179159125 83 43 14  1  9 34 72115153179187177154125 99 8422 613Z6 42318217561879999999999999911 8  12331 8299999999999999
 84 98124153177187179153113 67 26 -2-10  2 33 7612216118619217915412410022 614Z6 5 51871848192999999999999991155-10999999999999999999999
 87 90107134163184189176145101 54 14-10-15  2 36 8212816618819117615012222 615Z6 549190193819299999999999999 019 861243-1699999999999999
100 90 96115142169186188171137 92 47 10-11-12  8 44 8913416818618617014522 616Z6 635189202918999999999999999 1 8 901333-1499999999999999
119100 93101121147170184182163129 86 45 12 -4 -2 19 54 9713716718117816222 617Z6 724185212018299999999999999 158 931424 -699999999999999
138115100 95104123146167177173154122 84 48 21  8 12 34 6710514016417417022 618Z6 815178221017599999999999999 250 951515  799999999999999
154132112 98 95104121141158167163145118 86 55 33 24 30 50 8011314216116822 619Z6 91216723 116899999999999999 346 9516 6 2499999999999999
162147127109 96 93100114132147155152138116 90 66 49 43 49 67 9212014315822 620Z61015155235216399999999999999 448 931659 4399999999999999
163156141122104 92 87 92105120135143143134118 98 79 65 61 67 8210312614522 621Z61130145999999999999999999999 557 871756 6199999999999999
157159152137117 98 84 79 82 93108124135139134123107 92 80 76 81 9411213122 622Z6 044160125713999999999999999 7 8 781858 7699999999999999
148157158149132111 90 74 67 70 82 99117131139138130117103 92 88 9210311922 623Z6 133159142613999999999999999 812 6720 4 8899999999999999
136151159158146126102 79 62 55 59 73 93115133144145138126111100 95 9810922 624Z6 221160154014699999999999999 9 7 5521 8 9599999999999999
125142156162157141118 90 65 48 43 51 69 93119140152153145131115103 9810222 625Z6 3 5162163815499999999999999 954 4322 4 9899999999999999
114131148161164155134106 76 50 35 34 47 70100128150161160149132115102 9922 626Z6 3461641725162999999999999991035 332251 9999999999999999
105120138156166165150125 92 60 36 25 30 48 7811114116116916314812811010022 627Z6 42416718 4169999999999999991113 252332 9899999999999999
 99109127147163170163143112 77 45 25 19 30 56 9012515317017216114212110422 628Z6 5 11701839173999999999999991149 19999999999999999999999
 97101116136157170171158132 97 61 32 17 19 37 6810513916417517115413311222 629Z6 536172191317599999999999999 0 8 971225 1699999999999999
 99 97106124146165174169149118 81 47 23 15 24 48 8312015117117516414412222 630Z6 610174194517599999999999999 042 9613 0 1599999999999999
104 95 98112134155171174163138104 67 37 19 18 34 6410013516117317015513322 7 1Z6 645174201817499999999999999 114 951334 1799999999999999
112 98 94102120142161172170153124 90 56 31 21 27 48 8111614716617216314422 7 2Z6 720173205117299999999999999 148 9414 9 2199999999999999
122104 94 95107127147163169162141111 78 49 31 27 39 65 9813015516816715422 7 3Z6 757169212517099999999999999 224 931445 2799999999999999
134114 98 92 97111130149161162152130101 72 48 36 38 55 8111314116016716122 7 4Z6 83816322 116799999999999999 3 3 921521 3599999999999999
146126107 94 91 98112130146155154142121 95 71 53 46 52 70 9712514916316522 7 5Z6 926156224016599999999999999 349 9116 2 4699999999999999
156138119101 90 88 95109125140148147136118 96 75 62 58 67 8510913415316322 7 6Z61024149232316499999999999999 443 881648 5899999999999999
162151133112 95 84 81 88101117132141142135120102 86 74 72 80 9711814015622 7 7Z61139143999999999999999999999 546 811743 7299999999999999
163160147128106 87 74 70 76 89107124137143140129114 99 88 85 9110512414322 7 8Z6 01216313 914399999999999999 654 701850 8599999999999999
158164160145124 99 77 61 56 61 76 96118137148150142128113100 95 9811112822 7 9Z6 1 5164144015099999999999999 8 0 5620 6 9599999999999999
147161167162145120 91 64 46 38 44 62 8811614115716215614212410810010211322 710Z6 2 2167155716299999999999999 9 3 38212010099999999999999
131151166172165146116 82 51 29 21 29 50 8211614716817616915313111210210322 711Z6 25917217 11769999999999999910 1 21222610199999999999999
115134156174179170147112 73 37 13  6 16 42 8012115618018717815813311210022 712Z6 3551791756187999999999999991056  62323 9999999999999999
102116139163182187175147107 63 25  1 -5  9 40 8312816518819318115712910722 713Z6 4491871846194999999999999991148 -5999999999999999999999
 96100118144171189192177145101 56 17 -6 -9  9 45 9113717419419517815112222 714Z6 541193193219799999999999999 015 961239-1199999999999999
100 92 99120149176193194176141 95 50 13 -7 -6 17 5610214718019519016914022 715Z6 633196201519599999999999999 1 3 921327 -999999999999999
112 93 88 99123152179193191170134 89 47 15  0  7 32 7211615618219118115722 716Z6 723195205619199999999999999 149 881413  099999999999999
128102 86 85 99124153177188183161125 85 48 23 15 26 53 9113116318218316922 717Z6 813189213518599999999999999 235 841456 1599999999999999
144116 94 82 84 99123149170178171149118 84 55 37 35 49 7711014316717717322 718Z6 9 3178221217899999999999999 321 811537 3499999999999999
156131106 87 79 83 98120142159164157138113 86 66 56 59 74 9812615116717022 719Z6 956164224817199999999999999 411 781617 5599999999999999
162144121 99 83 76 81 94113132146150145131112 94 81 76 81 9611613715416322 720Z61057150232716499999999999999 5 5 761658 7699999999999999
163152135114 94 80 74 77 89105121133139137129117105 97 9510011112614115322 721Z61215139999999999999999999999 6 8 741747 9599999999999999
159156146129110 91 76 70 71 81 9511112513313613312611811211011212013014222 722Z6 012159135613699999999999999 717 69185811099999999999999
151155152142126106 87 71 63 63 72 8710512213414114213712912211711712213022 723Z6 1 9155153414299999999999999 826 62203211799999999999999
140149154152142124103 81 64 54 55 65 8310412514215115214613612611811612022 724Z6 213154163915299999999999999 927 53215311699999999999999
129140151157154142122 97 72 53 44 47 61 8311013415216116015113712311411222 725Z6 3131571723162999999999999991017 44224711299999999999999
117129144157162157141117 88 61 42 35 42 62 9012014716417016414913111610722 726Z6 4 41621757170999999999999991059 35232610699999999999999
108118134152165168159138108 75 48 31 29 42 6910213516017417416114212110622 727Z6 4471681828175999999999999991138 28235910199999999999999
101107122143162173172157130 95 61 35 23 28 49 8211815117217917215312910922 728Z6 5261751857179999999999999991213 23999999999999999999999
 97 97109130154172180173151117 80 46 25 20 33 62 9913616518017916414011522 729Z6 6 2180192518299999999999999 030 961246 2099999999999999
 97 91 97116141164180182168139102 64 35 21 24 46 8011915417618317315112422 730Z6 638183195318399999999999999 1 0 911318 2099999999999999
101 88 87101124151173183179158125 86 52 29 23 35 6410113916818218016213622 731Z6 713184202118399999999999999 131 861350 2399999999999999
109 89 82 88106132158176181170145110 74 45 30 33 53 8512315617718317214822 8 1Z6 749181204918399999999999999 2 4 811421 2999999999999999
121 96 81 78 90112138161175174159131 98 67 46 39 49 7410714116818017716022 8 2Z6 829177211818199999999999999 239 781454 3999999999999999
134106 85 75 77 92115140160169165148121 92 68 54 54 69 9512615417317816822 8 3Z6 912169214917899999999999999 318 741529 5299999999999999
147120 95 77 71 76 92114137154160155139117 94 76 69 73 9011414016117317122 8 4Z610 4160222317499999999999999 4 3 7116 7 6899999999999999
157135110 87 72 67 73 89109129144151148136120103 91 87 9210712714716216822 8 5Z6111015123 516999999999999999 456 671655 8799999999999999
164149128104 83 68 63 68 81 9911813414414614012911710810410811813314816022 8 6Z61243146999999999999999999999 6 1 6318 110499999999999999
164159146126103 81 64 56 58 68 8510612514114915014413412411811712213314622 8 7Z6 0 0164143515099999999999999 720 55193711699999999999999
156162160149129105 80 59 46 44 52 70 9512014315816315914913512411812012922 8 8Z6 11516216 416399999999999999 842 43211711899999999999999
142156165166156136108 78 51 33 28 36 58 8812115017017817315813912211311322 8 9Z6 23616717 517899999999999999 953 28223011199999999999999
123140159173177167144111 74 41 20 13 24 50 8712716118319018016013511410222 810Z6 3481771753190999999999999991053 13232310199999999999999
104118141166184189177149110 68 31  8  3 18 51 9413917419519618015312310122 811Z6 4481891834198999999999999991144  2999999999999999999999
 91 97117146175195198183150105 60 22  1  1 23 6110815318720119517213910822 812Z6 542199191220299999999999999 0 8 911230 -299999999999999
 86 81 92119153183202202182144 97 52 18  2  9 37 7912716819520118615712122 813Z6 631204194720199999999999999 049 801312  299999999999999
 91 74 74 92123159188203198174134 89 48 21 13 27 6010314618019719317113822 814Z6 717204201919899999999999999 129 721351 1399999999999999
103 77 66 72 95128162187197188161122 82 49 32 33 53 8712616218619217915222 815Z6 8 1197204919299999999999999 2 8 661427 3099999999999999
119 88 68 63 74 99131161180185172146112 80 58 50 58 8111314617218418116222 816Z6 845185211618599999999999999 248 621459 5099999999999999
133103 78 64 64 79103131155169169155133107 85 72 72 8510713415817317616622 817Z6 931171214317799999999999999 328 621530 7199999999999999
145118 93 73 65 68 83104127145154153142125108 95 91 9510812714616116816522 818Z61022155221116899999999999999 413 6416 1 9199999999999999
152132109 88 74 68 72 8410211913414114113512511611010911412513714915715922 819Z61129142224415999999999999999 5 5 68163710999999999999999
153141125106 89 77 71 74 82 9611012313213613513212712412412613213914514922 820Z61322136233915099999999999999 612 71174012499999999999999
150146137124108 92 79 72 71 77 8710111612813714214214013513213013013313822 821Z61535142999999999999999999999 738 70201713099999999999999
143146145139127112 94 79 68 64 68 80 9611513214615315314814013212512312622 822Z6 120146163515499999999999999 859 6422 012399999999999999
132140147150145133114 93 73 59 54 60 75 9712114215816416115113712411611422 823Z6 252150171116499999999999999 958 54224411499999999999999
120131144155158152136112 86 62 48 45 55 7610413315617017216314612711210522 824Z6 3531581739172999999999999991043 44231610499999999999999
107119136154166168157134104 74 49 36 39 56 85118149171179174157134113 9822 825Z6 43916918 5179999999999999991121 352344 9599999999999999
 96105124147167178175157127 91 58 36 29 39 65101138167183183168143117 9622 826Z6 5171781830185999999999999991154 29999999999999999999999
 86 91109134161180186176150113 75 43 27 28 49 83122158182189179155125 9722 827Z6 553187185419099999999999999 011 861225 2599999999999999
 80 78 91117147175190189170137 97 59 33 25 37 6610614617719218816713610422 828Z6 627192191819399999999999999 039 771255 2599999999999999
 79 69 75 97128160185194186159121 81 48 30 32 54 8913016718919317814911422 829Z6 7 2194194219499999999999999 1 8 681324 2999999999999999
 83 64 62 77105139170189192176145106 70 45 37 49 7711515318219418616212822 830Z6 73919320 719499999999999999 138 611354 3799999999999999
 93 67 55 61 82113147174187184163131 96 67 51 52 7110213817018818917214322 831Z6 817188203319199999999999999 211 551425 4999999999999999
108 77 57 52 63 88120150172180172150121 93 72 65 74 9512515517718617815622 9 1Z6 9 018021 118699999999999999 247 521458 6599999999999999
124 92 66 53 53 68 92121147164168159141118 98 86 85 9611714216417717716422 9 2Z6 949168213217999999999999999 328 511534 8499999999999999
140112 84 63 54 56 70 9211613715115615013812311110410611613214916316916622 9 3Z6105515622 917099999999999999 417 53161910399999999999999
152131107 84 66 57 58 69 8510512413814614714213512712212212713714715616022 9 4Z6123914723 716099999999999999 524 56173012199999999999999
157147131111 90 72 61 57 61 73 9011012814215115315014313613112913213914722 9 5Z61452153999999999999999999999 657 57194812999999999999999
153155151139121100 78 61 50 49 58 75 9912414616116816515514112912212112722 9 6Z6 052155161016899999999999999 837 48213612099999999999999
139151160161153135109 81 56 39 34 43 65 9512815617618217515813711810710722 9 7Z6 239162165718299999999999999 951 34223210599999999999999
117135156171177168146114 78 47 27 22 34 63100139171190191177151123100 8922 9 8Z6 3541771735193999999999999991047 212314 8999999999999999
 93111138166186192180152113 71 37 17 16 35 71115156187200193169135103 8022 9 9Z6 45119218 8200999999999999991132 142352 7399999999999999
 73 85111146178199202185150106 62 29 14 20 47 89135175199202185152113 8122 910Z6 5392031839204999999999999991212 13999999999999999999999
 62 63 83117155188206204181141 95 54 27 20 35 69113157190204195168129 9022 911Z6 62420819 820499999999999999 028 601249 2099999999999999
 61 50 59 87125164194207198169128 86 51 34 37 59 9713917519719918014510522 912Z6 7 5207193420199999999999999 1 3 501322 3299999999999999
 69 48 45 62 95134170194199184154116 80 56 49 61 8812416018619518515812122 913Z6 745199195919599999999999999 137 441352 4999999999999999
 84 55 43 48 71104141170186185167138106 81 68 70 8811614717318718516613522 914Z6 825188202218899999999999999 212 421421 6799999999999999
100 70 50 45 56 81112143165174168150126104 88 85 9411313716017617916814622 915Z6 9 6174204418099999999999999 247 451448 8499999999999999
117 87 64 52 53 67 9011714015616015313812210810110311413114916317016515122 916Z6 95116021 717099999999999999 325 50151510199999999999999
129105 82 66 59 63 76 9511613314414614213312411711612012914115115815815122 917Z61049146213215999999999999999 4 8 59154611699999999999999
138120102 85 73 68 71 81 9511012313313813813513212912913113514014514714622 918Z61232138221014799999999999999 5 7 68164012999999999999999
140131119106 92 81 75 74 80 8910211512613514114314214013613413213213413622 919Z61511143999999999999999999999 637 74202713299999999999999
137137133125114101 87 77 72 73 81 9411012714115015415214513712812212112322 920Z6 02113816 815499999999999999 819 71215412199999999999999
129136141142135123105 87 72 63 63 73 9011213415216216315614312811610910922 921Z6 233142163816499999999999999 928 62222610899999999999999
117130143152153145127104 80 61 52 55 70 95122148166173168153133113 99 9522 922Z6 33815417 4173999999999999991015 522252 9599999999999999
102118138156166165150126 96 68 48 43 52 76107139165180179164141115 93 8322 923Z6 4241671727181999999999999991052 432318 8299999999999999
 85101125151171179172149117 82 53 38 39 58 90127160182188177152121 92 7322 924Z6 5 21791750188999999999999991125 362344 6899999999999999
 69 82107139168186188173142103 67 41 33 44 73111150180194188165131 95 6822 925Z6 5381901813194999999999999991155 33999999999999999999999
 56 61 84118154183197191167129 88 54 36 37 59 95136172194197179145105 7022 926Z6 613197183619899999999999999 011 551226 3499999999999999
 48 44 61 92132169194200186155115 76 49 40 51 81121160189200190160120 7922 927Z6 64920119 120099999999999999 040 431256 4099999999999999
 48 34 41 66104145179198197176142103 70 52 53 73106145178197195174137 9522 928Z6 727200192619999999999999999 111 341327 5099999999999999
 57 34 29 44 75114153182194187163130 97 73 64 73 9713116418719418215311422 929Z6 8 7194195219499999999999999 144 2814 0 6499999999999999
 75 44 28 31 51 84122155178184174151123 98 83 82 9612014817318618416513322 930Z6 852184202118799999999999999 221 271434 8199999999999999
 97 63 40 31 39 60 90123150167170161143123106 991021161361571721771691482210 1Z6 944170205217799999999999999 3 3 311512 9999999999999999
120 89 62 45 40 48 66 911171381521561521411291201161201291421551631641552210 2Z61056156213216599999999999999 354 4016 311699999999999999
138115 91 71 56 50 54 67 851051241391471501471411351301291321381451501512210 3Z61254150224315299999999999999 5 5 50174312999999999999999
147136121102 84 68 58 56 61 74 911111311461551581541461371291251261301372210 4Z61452158999999999999999999999 649 55202112599999999999999
144147144134118 98 78 61 51 51 61 801051311521661701631501331181091081162210 5Z6 1 3147155117099999999999999 830 50213510799999999999999
129144155158151133108 81 58 43 41 53 77108140165179179166144119 98 88 912210 6Z6 249158163018199999999999999 939 402219 8899999999999999
105128151169174166144112 79 51 35 35 52 83120155181190182159128 97 75 682210 7Z6 35617417 2190999999999999991029 332255 6899999999999999
 78101133163183188175147110 72 43 31 37 61 98139173193194175142104 72 532210 8Z6 4471891732196999999999999991111 302330 5199999999999999
 53 72105143176195196177143102 64 40 34 49 80121160189199188159118 78 482210 9Z6 5321981759199999999999999991147 34999999999999999999999
 37 46 74114155187202196170132 92 60 43 46 69104145179197196173135 91 54221010Z6 613202182519999999999999999 0 3 371220 4299999999999999
 31 29 48 83126166193200187158120 85 60 54 66 94130165190196182150108 67221011Z6 652201184919799999999999999 035 281251 5499999999999999
 36 23 31 57 96138173192192174143109 82 68 71 89119152179191186162125 84221012Z6 730195191319299999999999999 1 7 231320 6799999999999999
 49 27 24 40 71110147174185179158130103 85 80 90112140166182184168139102221013Z6 8 7185193518599999999999999 139 231348 8099999999999999
 67 40 28 33 54 86121151170174163143121102 93 96110131153170176169148119221014Z6 846174195817699999999999999 212 271416 9399999999999999
 86 58 40 36 46 68 97126149161160150134118107105111125142157166164152131221015Z6 927162202216699999999999999 247 35144610499999999999999
104 79 58 47 48 60 80104126142150148140130120115116123133144152155149137221016Z61019150204915599999999999999 327 46152111599999999999999
119 99 80 65 59 60 70 86104121133140141138132127125125129134139142141137221017Z61139141212514299999999999999 419 58162212599999999999999
128115101 87 76 69 69 75 86 99114126135140141139135131128126126127129130221018Z61348141231813099999999999999 534 68193512699999999999999
130126119109 97 85 76 71 73 81 93108124137146149147141132123116113114119221019Z615 7149999999999999999999999 715 71211511399999999999999
125131133129120106 90 76 68 67 74 89108129146156158152140124110100 98103221020Z6 154133154515999999999999999 837 662150 9899999999999999
114127139145141129110 89 70 60 59 70 91116141159168164151130108 91 82 84221021Z6 310145161316899999999999999 931 582217 8199999999999999
 97117137153159152134109 82 61 51 55 73101131158174176164140111 85 68 65221022Z6 3591591638177999999999999991013 512244 6499999999999999
 76 98126152169172159134102 71 51 46 58 84118151176185177153120 86 59 47221023Z6 44117317 3185999999999999991048 462312 4799999999999999
 52 74106141169184181160127 91 61 46 48 68102139172190189169134 93 57 35221024Z6 5191851728192999999999999991122 442341 3099999999999999
 31 47 79119158185194183155118 81 55 47 58 86124162188196183151108 64 31221025Z6 5581941753196999999999999991156 47999999999999999999999
 16 22 49 89134172195198180147108 75 56 56 75109147179197193169128 81 39221026Z6 637199182119899999999999999 013 161230 5399999999999999
 13  6 22 56101146181198194171136101 75 64 72 96131165189196182149104 58221027Z6 719199185019699999999999999 047  613 4 6499999999999999
 22  4  6 29 67111153182192184160128 99 81 78 91117148175190187165128 84221028Z6 8 2192192019199999999999999 123  21341 7799999999999999
 44 16  5 13 39 76117153175181171150124103 92 94109132157176182172147112221029Z6 851181195418299999999999999 2 4  51421 9199999999999999
 74 41 19 14 24 49 82117146164168160144126112105109122140157168169157134221030Z6 949168203217099999999999999 251 1315 810599999999999999
104 73 47 31 27 36 57 84111135151156153143131122117119126138148155154145221031Z611 4156212515699999999999999 347 27161511799999999999999
127105 81 60 46 40 45 60 801031241401501521471391301231191211261331401422211 1Z61246152225814299999999999999 5 0 40181111999999999999999
139129114 95 76 60 51 50 58 74 951171371511571551461331201111071091171272211 2Z61415157999999999999999999999 635 4920 710799999999999999
136140138127110 90 71 57 51 55 70 92117141158165161148128109 94 87 901022211 3Z6 1 914015 916599999999999999 8 5 512110 8799999999999999
119136148150142124100 76 58 49 53 70 95125151168173163142115 89 72 66 742211 4Z6 244151154817399999999999999 911 492154 6699999999999999
 94119143159163154132104 76 56 48 56 77107139165178176158128 94 66 49 492211 5Z6 34816416211799999999999999910 1 482231 4799999999999999
 64 92125154171174160134102 74 55 51 64 90124156178184172144106 69 42 302211 6Z6 4391751651184999999999999991043 5123 6 3099999999999999
 38 63 98135165181179160130 97 70 57 59 78109143171186182159123 81 44 222211 7Z6 5231831718187999999999999991120 562339 1899999999999999
 19 36 69109148176186178155122 91 69 63 73 97129161182186172140 98 56 242211 8Z6 6 41861745187999999999999991154 62999999999999999999999
 10 17 42 81123160182186171144113 86 72 73 90117148173185179154116 73 352211 9Z6 642187181018599999999999999 011 101225 7099999999999999
 12  7 23 55 96137168182179160132104 85 78 87107135161178180164133 92 53221110Z6 719183183618199999999999999 043  71256 7899999999999999
 22  8 13 36 71111147170177168147121 99 87 88101124148168176168145111 73221111Z6 75517719 217699999999999999 115  81326 8699999999999999
 40 18 13 25 52 87123152167168155134113 98 93 99115136155167167152126 93221112Z6 831169192916899999999999999 148 121357 9399999999999999
 61 35 22 23 40 68100130151160156143125110101101110125142155159153136111221113Z6 911160195815999999999999999 223 20143110099999999999999
 82 56 38 31 37 55 80108131146151146135121111106108117129140148148139123221114Z6 956151203114999999999999999 3 2 31151110699999999999999
101 78 58 45 42 50 66 88110129140143140131122115111113118126133137135128221115Z61055143211513799999999999999 347 42161211199999999999999
115 98 80 65 55 53 60 73 91109125136140138133126118114112113117122125125221116Z61213140223812699999999999999 445 5318 111299999999999999
122113101 87 74 65 61 65 75 90107123135142142137129119110104102104109116221117Z61334143999999999999999999999 6 0 61195710299999999999999
121123119110 97 83 71 64 65 74 89108126141149149141128112 98 88 85 90100221118Z6 049123142915099999999999999 722 642054 8599999999999999
112124130129120105 88 72 63 63 73 91113135151158154140120 98 79 68 68 78221119Z6 22413115 815899999999999999 830 622132 6799999999999999
 95116133143142131111 89 70 60 62 75 98124148163166154132103 75 55 46 52221120Z6 326144154116699999999999999 922 5922 5 4699999999999999
 71 97125147158155139114 87 66 57 63 82110140163174169148116 80 49 30 27221121Z6 41615916111749999999999999910 7 572238 2699999999999999
 42 70105139163173164142112 83 63 58 69 94126157177181166134 93 53 22  8221122Z6 5 21731642181999999999999991048 582313  799999999999999
 13 38 75117154178183169141108 79 63 63 80110144172186181155115 69 27  0221123Z6 5451831714187999999999999991128 612350 -899999999999999
 -7  7 40 84130167187187168137103 78 66 73 95127160183189174140 94 46  7221124Z6 63018917481899999999999999912 8 66999999999999999999999
-14-14  8 47 94140173189184162131100 80 74 85110142170187185162123 76 30221125Z6 715190182418899999999999999 029-171249 7499999999999999
 -4-19-12 14 56103145174185177154125100 85 84 98123152174184175148108 63221126Z6 8 318519 218499999999999999 112-191332 8299999999999999
 23 -5-14 -4 24 65108145169176167146122102 91 94108131154171174162135 98221127Z6 855176194517599999999999999 159-141419 9199999999999999
 58 24  2 -3  9 36 72109141160165157140121105 98101113131149161162149125221128Z6 951165203416399999999999999 249 -31514 9899999999999999
 94 61 33 16 12 23 46 77108135151156151138122109101102111124138147148139221129Z61056157213714999999999999999 345 11162410199999999999999
120 96 70 47 32 28 36 55 80106130145151148137123110100 97101111122132136221130Z612 715123 313699999999999999 449 281754 9799999999999999
133121103 82 62 48 43 47 61 82106128144151149138123106 93 86 86 941071192212 1Z61315151999999999999999999999 6 2 431924 8599999999999999
129131126113 95 77 62 54 56 67 86109130146154150138118 97 79 69 68 78 932212 2Z6 050131141215499999999999999 719 542032 6799999999999999
111126135134124107 88 72 62 62 73 92115137153158151133108 82 61 50 51 642212 3Z6 224136145715899999999999999 828 612124 4999999999999999
 85109130142143134116 95 77 67 68 80100124146160161148124 93 63 41 32 382212 4Z6 336144153516299999999999999 926 6622 6 3299999999999999
 57 84114138152152140120 98 79 71 74 88111136156166160140109 73 42 22 182212 5Z6 43215416 9166999999999999991015 702244 1899999999999999
 31 57 90123148161158143120 96 79 74 81 99124148165167154126 90 52 23  82212 6Z6 5191611641168999999999999991057 742319  799999999999999
 11 31 64101136159167159140115 92 79 78 90111137158169164143108 69 32  82212 7Z6 6 01671712169999999999999991134 762353  099999999999999
  0 11 39 77116148166168155132107 88 79 84100124149165169155127 88 48 162212 8Z6 63716917431699999999999999912 9 79999999999999999999999
 -1  0 19 52 92130157169164146122 99 84 82 92112136157168163142109 69 322212 9Z6 712169181316899999999999999 027 -31242 8199999999999999
  6 -3  6 32 69108141162166156135111 92 83 87101123146161165153126 90 53221210Z6 746167184316599999999999999 1 0 -31314 8399999999999999
 21  3  2 18 48 86121148161159144123102 88 85 94111132151160157139110 75221211Z6 820162191516199999999999999 134  01346 8599999999999999
 41 17  6 12 33 65100131151157149133113 96 88 89101118137150154145124 95221212Z6 855157194815499999999999999 2 9  61421 8799999999999999
 63 36 18 15 26 49 80111136149150140123106 94 89 94106121136144144132111221213Z6 933151202514599999999999999 245 1415 1 8999999999999999
 84 58 36 25 26 40 64 92118137145143132117103 94 91 96106119130135132120221214Z61016146211013599999999999999 324 241551 9199999999999999
102 79 58 42 35 39 54 76100122137142138128115102 93 90 94102112120124122221215Z611 4142221112599999999999999 4 7 351657 9099999999999999
113 98 80 63 50 46 51 65 84106124137141137127113100 89 85 85 91101110116221216Z61159141234011799999999999999 459 461820 8499999999999999
117112101 86 71 60 56 60 72 90109127138142138126110 94 80 73 72 78 88101221217Z61256142999999999999999999999 6 2 561937 7199999999999999
112118117109 96 82 70 64 66 77 94114131143146139124104 83 65 55 54 63 78221218Z6 123118134914699999999999999 714 642035 5399999999999999
 97114125128121108 92 77 69 70 81 99120138150151140120 93 66 45 34 35 49221219Z6 248128143615299999999999999 824 682123 3399999999999999
 71 97121137142135119 99 81 71 72 84105128148158156139111 77 45 22 12 18221220Z6 354142151915999999999999999 925 7022 7 1299999999999999
 39 69103132151156147127103 83 72 75 89113138158166158135 99 59 23  0 -7221221Z6 44915616 1166999999999999991019 722251 -799999999999999
  5 33 71112145164167154130103 82 73 78 96123150168172158127 85 41  4-18221222Z6 54016816441739999999999999911 9 732336-2299999999999999
-20 -2 33 77121156174174156129101 81 74 82104133160176175155118 71 25-11221223Z6 6281761727178999999999999991157 74999999999999999999999
-29-27 -3 37 85130163178174154125 97 79 76 88112142167180174149108 60 14221224Z6 716179181218099999999999999 022-311244 7599999999999999
-19-33-25  3 46 94137166177169147118 93 78 78 93119147170178168140 98 52221225Z6 8 3177185917899999999999999 1 9-331331 7699999999999999
 10-19-28-17 13 56102141166172161138111 89 78 80 96122148166171159130 91221226Z6 850172194817299999999999999 157-281419 7799999999999999
 48 12-11-17 -2 28 69109143162164151129104 85 77 81 97120142158160148121221227Z6 938165204016199999999999999 246-171511 7799999999999999
 86 50 20  2  1 17 45 81116142156155141121 99 82 75 79 93113132145146135221228Z61025157213814799999999999999 334 -116 8 7599999999999999
113 85 56 33 20 22 37 62 92120141150147133114 94 79 71 74 85102118130133221229Z61114150224713399999999999999 424 191714 7199999999999999
125109 88 66 49 41 43 56 77101123139145141128109 90 74 65 65 74 88103115221230Z612 4145999999999999999999999 516 401828 6499999999999999
121119109 94 79 66 60 63 73 90110127139143137123103 82 65 54 52 59 73 90221231Z6 0 5121125314399999999999999 613 601941 5299999999999999